100
3929879
1862603
9999991
8237213
5462959
9999971
6716541
3410821
5388168
5331653
1
1144
6865010
7742461
9999929
1281246
86293
7
5103067
928009
12
5
9999931
9010879
10
592432
615403
3132736
7783893
8
9999930
9299449
3191803
6704676
9999999
6987083
7551991
4461643
1750607
6697461
6
3023326
4125389
9309119
11
2044523
2360890
1221469
9999161
9682616
4170220
9325574
9
3702389
9999973
9999996
1264969
3
983469
10000000
7762723
9999163
2295773
6537523
559513
5001361
3910981
3323191
4
9999997
6513281
8763892
390548
1507483
8603593
9999998
8248729
9999972
4572049
2872729
9987391
4936439
4461641
2196613
4751053
2610613
9971849
4461642
8873129
140839
1481717
9999162
1403870
2
8291470
7203246
13
3855409
9999995
8460583
